1 19350
2 541
3 27605
4 29266
5 7295
6 23961
7 30697
8 8278
9 30628
10 21311
11 31391
12 31865
13 133
14 13639
15 1243
16 29247
17 9651
18 12807
19 3099
20 27470
21 25724
22 16622
23 27505
24 29095
25 9945
26 9370
27 5310
28 29153
29 704
30 5965
31 23320
32 11992
33 30537
34 886
35 19646
36 20821
37 12878
38 18648
39 31608
40 6139
41 30661
42 12115
43 9609
44 1434
45 28173
46 19883
47 15803
48 21219
49 15895
50 25968
51 14499
52 31373
53 23228
54 4674
55 24743
56 7549
57 13459
58 10455
59 22593
60 12339
61 5167
62 20462
63 21046
64 30226
65 12763
66 16675
67 5573
68 30933
69 10397
70 5608
71 20147
72 27297
73 30707
74 844
75 2274
76 15357
77 1369
78 17119
79 20108
80 30793
81 12209
82 16556
83 28286
84 8335
85 7607
86 5002
87 19308
88 20833
89 28298
90 26317
91 8704
92 14405
93 27493
94 26814
95 9061
96 21889
97 12801
98 25657
99 23851
100 15815
101 1387
102 29726
103 26593
104 4157
105 17788
106 24794
107 17886
108 8304
109 14905
110 685
111 23938
112 16267
113 28358
114 15599
115 8883
116 6391
117 11330
118 14886
119 9911
120 29258
121 1768
122 10230
123 18428
124 12704
125 8539
126 341
127 2181
128 25912
129 29070
130 21543
131 3535
132 14310
133 2674
134 28420
135 7728
136 26137
137 3472
138 4511
139 30925
140 31840
141 5131
142 32167
143 1770
144 8673
145 27615
146 10191
147 14428
148 10353
149 20267
150 5492
151 13175
152 23244
153 5505
154 755
155 18793
156 5928
157 22815
158 4328
159 4889
160 22572
161 26893
162 1304
163 30269
164 14491
165 32109
166 10194
167 29314
168 21881
169 6536
170 17535
171 6885
172 23113
173 32722
174 21782
175 14144
176 26700
177 1713
178 2698
179 4253
180 28784
181 2023
182 30465
183 29566
184 30120
185 9048
186 30660
187 4534
188 25335
189 27500
190 8014
191 30858
192 20015
193 29970
194 29043
195 14160
196 1674
197 28476
198 23661
199 4754
200 24064
